753598269600
13986-INV
689788556667
689788556656
689788601696
689788650400
689788650352
689788650238
689788650720
689788650731
689788650694
689788650709
689788650742
689788556678
689788650628
689788650617
689788650639
689788650683
689788660732
689788650363
689788650282
689788650396
689788650374
689788650293
689788650385
689788650250
689788649576
689788649510
689788649587
689788649900
689788649793
689788649819
689788649635
689788649782
294466328511586
689788649484
689788649863
689788649565
689788649370
689788649407
689788649392
689788649429
689788649451
689788649381
689788649554
689788649532
689788649359
689788602887
689788649278
689788649348
689788649326
689788649462
689788649430
689788649521
689788649360
689788649440
689788649543
        
689788649760
689788649771
689788649418
689788649473
689788649808
689788649885
689788649841
689788649613
689788649874
689788649966
689788649977
689788649006
689788649164
689788649245
689788649131
689788649234
689788648992
689788649142
689788649039
022493272418864
689788649050
689788648915
689788648904
689788648937
689788649017
689788648797
689788648801
689788648812
689788648845
689788648878
689788648731
689788648834
689788648786
689788648856
689788648753
689788648238
689788648205
689788648190
689788648180
689788648157
689788648124
689788648098
689788648087
689788648076
689788648054
689788648032
689788648010
689788647941
689788648000
689788647974
689788647920
OBD
689788647952
689788647871
OBD
689788647860
OBD
689788647437
689788647459
689788647415
689788647390
689788647356
689788647210
689788647150
689788647161
689788647140
689788647070
689788647069
689788647058
689788647849
689788647790
689788647518
689788647492
689788647507
689788647470
689788647209
689788647220
689788647253
689788647242
689788647264
689788647301
689788647345
689788646772
689788646809
689788646750
689788646794
689788646810
689788646831
689788646496
689788646511
689788646566
689788646577
689788646728
689788646740
689788646360
689788646349
689788646371
689788646393
689788646408
689788646463
689788646430
689788646338
689788646213
689788646235
689788646224
689788646198
689788646441
689788646419
689788646382
689788646452
689788581750
OBD
689788646717
689788646500
689788646522
689788646820
689788646739
689788646761
689788647334
689788647312
689788647297
689788647231
689788647448
689788647481
689788647529
689788647827
689788647850
689788647080
689788647106
689788647139
689788647323
689788647426
689788647838
689788647908
689788647985
689788647996
689788648021
689788647963
689788648065
583907-INV
689788648113
689788648146
689788602865
689788648179
919414071655561
689788648249
017136264334787
689788648764
689788648867
689788648606
689788648617
005794513970633
017136264338754
689788648558
689788648569
017136264338778
689788648570
689788648444
689788648433
689788648341
689788648250
689788648260
689788648293
689788648271
689788648216
OBD
689788648227
689788648330
689788648547
689788648536
689788648591
689788648823
689788648742
017136264334794
689788648775
1Z4F85330376277187
689788649028
689788648959
689788649120
919414071655622
689788649153
689788649175
689788649955
689788650249
689788650076
689788650146
038055783192506;038055783192513
32112
32112
038055783064223
689788650135
689788541252
689788533200
689788650271
689788650179
017136264334817
689788650190
689788650180
017136264334824
017136264334831
689788649657
017136264352033
005794513970558
689788649727
689788649750
689788649738
689788650054
689788650065
689788649999
689788649820
689788649988
689788650000
017136264338815
017136264344137
017136264344120
017136264352019
017136264352026
017136264338808
017136264352040
017136264352057
017136264344144
017136264338785
017136264352071
689788557549
1ZV0632XDG00957720
689788568259
017136264344151
689788567860
689788561633
689788569840
017136264504852
689788567528
689788568719
689788567881
689788564172
038055783239966
852936374484038;852936374484045
294466328396626
038055783249262
689788565915
689788568167
038055783239959
013840237313283
689788561520
689788561520
689788563990
689788568134
065323270242633
689788568042
689788567594
689788565904
689788561530
689788565845
017136264504845
689788563934
017136264506917
017136264504814
017136264506924
689788568616
013840237313252
017136264513823
1Z4F85330376277178
689788567892
689788565661
689788565742
689788569358
689788565764
689788567804
919414071702692
919414071702722
919414071702678
017136264506931
017136264506894
013840237313290
017136264504838
812086626983313
689788557858;689788557869
689788569759;689788569781
689788569016;689788569027
689788569222;689788569299;689788569314
013840237312859
689788565753
038055783249255
689788601674
689788565536
689788568031
852936374452099
689788568362
852936374452068
689788567907
689788569760
689788564080
689788561541
017136264513939
919414071700919
689788565514
689788558291
689788558291
689788568075
1Z4F85330376261327
005794514183919
005794514183919
689788561611
919414071702524
919414071702623
689788601685
919414071702388
689788561677
689788564025
689788564128
017136264506962
689788561552
1Z4F85330376261336
689788565775
017136264513786
017136264513786
689788565786
689788561232
689788569266
689788563945
689788562754;689788562787;689788562798;689788562802;689788562824;689788562880;689788564404;689788564415;689788564426;689788564437
812086626985614
017136264508805
278014184118948
689788565797
959703510000;959703510010
753379590750
753379590740
753379590691;753379590740;753379590750
689788565801
689788561655
039294182450254
919414071702470
689788565812
919414071702432
689788568421
689788565970
852936374450422
017136264513793
689788559644
689788565960
689788561688
689788561563
075570033821834
689788565948
689788565981
689788565992
689788568010
689788568487
689788566006
852936374452358
689788567789
689788566017
017136264513830
689788561313;689788561346
689788566028
689788565926
689788561703
1Z4F85330376261318
689788563956
689788566256
689788566223
689788558431
689788558431
689788566110
397034842993162
689788566175
017136264513861
013840237313320
013840237313320
689788566050
689788568329
689788566072
017136264513816
689788562581
689788566109
689788568053
852936374452303
689788561379
013840237312866
278014184118788
689788566040
689788566039
689788562011
397034842999331
689788561699
689788566083
689788566061
689788567767
017136264510549
017136264513878
919414071695697
753379583737
689788560660
689788564058
689788560590
689788559769;689788559791;689788559806;689788559840;689788560100;689788560111;689788560122;689788560133;689788560155;689788560166;689788560177;689788560214;689788560225;689788560236;689788560247;689788560258;689788560270;689788560317;689788560328;689788560420;689788560431;689788560453;689788560501;689788561368;689788563474;689788563485;689788563496;689788563500;689788563511;689788563544;689788563577;689788563588;689788563599;689788563603;689788563636;689788563647;689788563669;689788563670;689788563691;689788563706;689788563717;689788563728;689788563739;689788563740;689788563901;689788564220;689788564231;689788564367;689788564378;689788564460
689788558074
689788566186
017136264510556
689788566164
689788566094
278014184119372
689788563165
689788568340
017136264513885
013840237313276
017136264506955
005794514183926
689788568693
689788567756
689788567745
689788566201
397034842999423
689788565937
397034842999416
397034842999386
038055783249279
397034842999270
689788569336
689788562033
689788565640
005794514183933
689788565639
689788563154
689788565606
689788565591
689788550452;689788550577;689788550680;689788550691;689788550740
689788565580
017136264508812
294466328396800
1Z79255W0321073370
689788565628
689788565570
812086626985683
017136264510570
689788565569
689788565558
689788565547
689788558442
689788558442
689788558442
689788568752
689788568260
705698166275
1Z4F85330376261194
689788569163
038055783249286
689788561335
689788564209
017136264506979
689788565617
689788562066
689788561254
689788565455
689788568513
689788565444
689788562044
017136264513847
689788563224
017136264513892
017136264513854
689788568009
919396053101481
689788565433
013840237313306
689788564150
038055783246810
689788561450
017136264513779
017136264513779
005794514183889
278014184119730
391505952720796
852936374452495
689788565411
689788567984
689788568936
852936374452150
689788566131
689788566142
017136264513809
689788566153
689788564140
689788568605
689788568991
689788569612
689788562077
689788562217
294466328399153
689788566337
689788558453;689788558464;689788558486;689788558497;689788558512;689788558523;689788558556;689788558567;689788558718;689788558729;689788558784;689788558968;689788559004;689788559200;689788559276;689788559346;689788559357
689788560730;689788560773
041349815749306
689788561324
689788563030;689788563073;689788563110;689788563121;689788563176;689788563198;689788563202;689788563290;689788563316;689788563327;689788563338;689788563350;689788563360;689788563393;689788563408;689788563419;689788564908
039294182475301;1Z79255W0321079374;1Z79255W0321079749
852936374452105
48327
689788563522
294466328399030
689788564003
017136264513908
017136264506948
919414071702753
689788567870
689788566234
1Z79255W0321070408
1Z79255W0321070408
689788566245
689788563853
689788561302
689788566326
919414071700490
689788569715;689788569726
017136264966186
689788623988
689788628225
689788618658
689788628523
689788628188
689788628394
689788618647
294466328516765
017136264966193
689788626862
689788623532
278014184206447
919414071807465
017136264971142
689788618393
689788624815
017136264966209
689788615188
689788618316
689788626288
689788626288
689788618327
689788619893
689788628501
689788629839;689788631622
689788618420
689788628372
812085446602671
689788628270
689788618603
005794514661493
038055783742831
075570033913133
689788613760;689788613770;689788613781;689788613792;689788613807;689788613818;689788613829;689788613830;689788613840;689788614332;689788614343;689788614398;689788627733
689788627295
038055783732214
017136264980069
689788618474
397034843091058
038055783744484
013840237844879
038055783744477
689788618143
017136264980090
689788628567
017136264976697
689788626873
689788626965
689788620967
689788628258
013840237848105
689788618533
689788623462
005794514661592
013840237848945
689788628247
689788624539
689788618279
689788628074
689788628133
689788628063
038055783742855
689788614148
689788618614
017136264980113
689788627906
017136264974228
689788628317
689788628306
689788628280
013840237848112
689788628008
689788624127
689788618350
689788624344
038055783747379
708637336530
689788618165
689788627078
689788618235
689788618810
017136264980120
013840237848921
689788618706
689788614310
689788618588
013840237848990
689788618912
689788623418
689788626884
038055783747409
013840237848952
689788627961
005794514661547
689788618728
689788628486
689788628497
689788627983
1Z4F85330376272913
022493272418840
013840237848129
689788628236
689788624826
391505952731990
005794514183865
689788618198
709887650700
689788623381
689788625980
005794514661578
017136264980144
689788628269
689788627160
689788626976
689788624609
689788624090
689788626760
075570033914086
075570033914178
689788626185
1Z4F85330376272897
017136264974242
689788626016
919414071804938
017136264980182
278014184208861
689788624138
013840237849003
689788614928
689788621070
689788624436
689788615166
689788628177
013840237849010
689788626163
689788618257
005794514661615
689788618750
689788615111
852936374490541
689788618224
689788617537
689788617700
689788617787
689788624664
689788628085
075570033914109
689788617490
852936374490640
017136264974211
689788626049
017136264980199
689788624182
017136264976703
689788617353
919414071804754
017136264976727
689788624790
919414071805157
689788628420
689788619367
278014184208915
919414071807236
689788617022
397034843085668
689788617548
689788617467
689788617835
689788619768
689788584325
017136264976772
919414071805072
689788617950
689788625156
689788616195
017136264974259
689788628144
689788629416
689788616151
005794514661646
017136264980137
061319668404077
704048199085
017136264980205
017136264980212
017136264974273
689788628832
689788616184
689788624403
689788616130
689788615729
689788629770
391505952836527
689788625513
689788655799
017136264974266
689788625410;689788625443
689788625638
1Z79255W0321163175;1Z79255W0321163657;1Z79255W0321165940
017136264980229
689788616243
689788616162
022493272418871
689788616140
017136264980298
689788624686
013840237844619
017136264980151
689788628328
689788629004
689788616324
391505952841422
689788619860
689788617526
005794514661509
689788627479
689788617478
005794514661516
689788629405
689788619036
397034843085347
919405380193110
919405380193165
852936374500295
689788629357
689788621058
689788617765
689788616210
689788629390
689788624355
689788629221
919414071811189
689788619117
017136264974235
278014184208793
017136264974198
038055783747416
278014184208847
397034843087136
689788617283
005794514661523
013840237849027
689788617261
013840237844886
919414071805270
689788617710
689788620474
397034843087150
017136264980168
689788624366
689788628589
689788616346
852936374494402
017136264980304
689788628578
005794514661530
689788617386
689788623885
017136264980175
689788628990
689788628924
919414071807762
689788616817
689788624171
689788623999
689788629725
689788619985
689788624150
689788622742
017136264980083
080850922151054
852936374490664
689788616780
919414071810311
013840237848969
689788627620
689788624080
919414071807793
689788624230
689788620213
689788628810
397034843085477
689788626461
689788626027
689788616563
689788619140
689788629368
689788616541
919414071809414
397034843085521
689788620143
689788619908
005794514661585
689788614056
689788619654
689788619286
689788619919
278014184208946
689788616769
689788628410
061319668398345
689788616655
689788624377
689788584314
662296983453
017136264980236
689788616530
689788619460
689788616552
689788620430
017136264980243
689788624149
689788616574
689788620658
689788620647
689788616791
919414071805041
689788623782
689788617695
689788623500
017136264980267
017136264980250
689788617592
689788583329
689788572972
689788581624
689788617504
689788620669
017136264974280
689788619390
689788624550
689788617364
017136264974204
038055783747461
689788620246
689788627435
689788577985
689788617375
689788615902
689788617754
689788627343
852936374490671
689788617880
689788626483
689788626483
017136264980106
689788617445
689788614891;689788614994;689788615008;689788615019;689788615085
689788623110;689788623164;689788623278;689788623289;689788623304;689788623360;689788623370;689788623392;689788623440;689788623473;689788623495;689788623543;689788623657;689788623966;689788624105;689788624116;689788624208;689788624220;689788626196;689788626200
689788619470;689788619507;689788619941;689788619974
689788620029;689788620121;689788620202;689788620350
689788622981;689788623072;689788623201;689788623212;689788623223;689788623234;689788623326;689788623348;689788623668;689788623680;689788623944;689788629302;689788629450;689788629460;689788629552;689788629703;689788629953;689788629964;689788629997;689788630008;689788630615;689788630626;689788630637;689788630946;689788631129;689788631519
689788619297;689788619301;689788619312;689788619334;689788619345;689788619356;689788619378;689788619389;689788619426;689788619437;689788619448;689788619481;689788619492;689788619920;689788619930
689788619996;689788620007;689788620018;689788620110;689788620257;689788620420;689788620441;689788620452;689788620555;689788620566;689788620599;689788620853;689788620864;689788620923;689788620934
689788615306;689788615409;689788615420;689788615707;689788615990;689788616004;689788616015;689788616026;689788616037
689788655549;689788655550;689788655582;689788655619;689788655870;689788655891;689788656085;689788656111;689788656177;689788656339;689788656340;689788656361;689788656800;689788656854;689788656865
670589056552
689788619698;689788620198;689788620349
689788615730
689788631438
689788630203
689788624241
1Z79255W0321167877
689788617846
689788619952
689788617456
689788617673
689788622878
017136264980274
689788619687
013840237918716
689788617397
689788622650
017136265017061
689788617331
005794514671676
689788624572
017136265017078
689788620051
689788622775
689788617559
689788617684
278014184215227
013840237916880
689788617732
278014184215203
689788616644
689788624789
689788616416
013840237915760
689788616596
397034843081417
689788616405
689788616585
017136265007666
689788620040
005794514671614
919414071820884
061319668412058
704048200314
689788616379
397034843080274
1Z79255W0321164932
689788616380
689788616357
1Z2601290352545869
005794514416406
784552474337
689788616519
689788622867
689788616471
689788616313
689788616449
397034843081646
013840237916835
689788628431
689788619746
689788616302
689788624583
689788619323
689788616287
278014184215289
689788625833
689788625914
689788616298
919414071820204
689788624388
919396053154005
397034843081578
689788616427
689788620338
013840237916859
013840237916866
017136265017030
689788620360
017136265017047
689788616173
017136265011595
038055783781120
038055783750638
038055783781496
017136265017115
689788616200
689788616276
689788616118
689788622904
689788627413
919414071820617
689788616460
017136265017092
689788619632
689788627067
689788631520
689788622834
278014184215159
689788616254
689788624252
689788625086
065323270256098
038055783781472
689788616493
017136265011687
689788642858
689788629574;689788629861
689788616390
689788622477
784556796910
689788616622
689788617560
689788623430
689788627126
689788627126
689788627126
689788624870
689788618599
689788622948
689788618544
689788618566
689788626082
689788626748
689788618419
689788590581
689788629210
689788629714
852936374490558
017136265007680
689788622661
689788617423
038055783781526
689788618382
689788622959
689788616368
689788624620
689788618132
689788618176
397034843081462
689788618268
689788624540
689788616997
689788627685
038055783781489
689788627630
689788618100
689788622845
017136265011656
017136265007673
013840237916897
689788628659
017136265007697
689788622960
689788618007
689788643041
689788616747
919414071820167
689788616703
689788618577
689788618636
017136264778215
689788617938
689788617927
689788617857
689788620235
689788617802
689788628361
039294182544328
689788617824
919414071820808
013840237916903
689788618280
689788620783
1Z4F85330376273074
689788618040
689788620327
689788618290
017136265017085
919414071820105
017136265017108
689788629092
689788622889
618750597800
005794514671706
689788617905
038055783781564
689788620187
689788616677
038055783781618
1Z4F85330376273029
689788620794
1Z4F85330376273010
689788617228
689788619963
038055783781625
689788617250
689788618018
689788625899
689788625899
689788618945
689788618073
689788616232
689788622639
689788617401
017136265017153
689788620809
689788620154
710216183416
689788625064
689788618213
689788618121
017136265017146
397034843082452
689788622937
689788620739
278014184215166
689788617412
689788618408
397034843081523
005794514671713
689788618555
689788617033
689788617044
1Z4F85330376272995
689788601663
689788619735
017136265017160
017136265017160
689788622190
689788620588
689788629736
689788629806
689788618246
005794514552067
689788617309
689788626667
689788618154
689788623451
689788618187
038055783781588
689788623521
689788619242
919396053155576
689788617272
689788622640
689788626895
919414071831538
017136265008700
919414071831538
278014184212653
017136265081376
017136265081376
005794514671720
689788623315
397034843082476
017136265011755
689788622786
689788617239
689788616129
278014184215425
1Z4F85330376272968
689788622580
689788618371
689788626840
704048200303
689788622797
689788622672
689788617868
689788625215
689788617879
689788626900
689788619231
689788624594
689788625010
919414071820228
919414071820259
397034843082469
069991574484996
689788617206
017136265017290
689788617949
852936374490688
689788617960
689788624399
017136265017306
689788617114
689788616107
689788625020
038055783781649
689788616221
689788617103
689788623175
689788623175
689788622628
017136265007703
710216183390
689788622801
038055783781595
075570033919647
689788617890
689788617099
919414071820761
689788618691
689788624561
689788625855
689788625855
689788625042
689788624881
689788622433
689788625053
618647204622
618747912920
618750598873
689788618625
689788624940
689788617088
689788618717
689788617055
753379646459
665074495990
689788613163
689788646474;689788646533;689788646544;689788646842;689788646923;689788647036;689788647047;689788647172;689788647183;689788647194
689788646967
709645743272
689788646680;689788646783;689788647530
632362606460
689788636679
784601943734
753379669254
589919702275
017136265069497
013840238065730
689788657184;689788659886
689788653226
689788646706
